####################################
#
# -- TEXTPATGEN GENERATED RANDOM DATA --
# -- C++ VERSION --
#
# -- A generated random data file created from:
# -- tpl-gendata-file-0008.cpp
#
# -- Created: 2020-07-07T18:03:50+0000
# -- Epoch Time: 1594145030
#
# Total number: 576
# Number in a line: 13
# Lowest printable number: 0
# Highest printable number: 99
# Random number seed: 134
#
####################################
00 62 25 45 39 34 30 96 02 24 38 60 34
63 16 97 93 03 37 95 94 02 92 67 38 60
32 62 74 95 98 13 16 36 63 98 77 35 79
95 10 66 83 94 30 73 63 55 54 47 71 01
86 83 14 31 19 28 83 11 22 60 18 75 21
19 66 15 00 88 09 47 12 45 98 23 09 71
04 20 92 79 12 25 34 35 65 20 92 06 24
04 03 77 20 36 21 76 08 66 99 70 48 89
59 60 52 42 61 79 01 27 31 35 72 83 40
50 77 47 19 79 40 51 60 11 67 14 24 55
85 37 14 30 69 95 96 76 68 30 07 02 52
85 76 77 00 69 78 46 18 78 88 76 77 32
97 26 29 61 21 84 16 23 80 82 15 03 96
98 57 67 35 73 52 95 90 10 94 01 83 60
39 84 32 84 06 79 51 35 14 79 45 55 28
94 48 78 87 50 32 09 27 89 07 76 01 93
86 47 28 45 96 78 48 89 29 67 38 55 72
34 08 73 59 51 46 39 74 82 02 26 88 65
34 57 88 76 30 96 12 92 64 09 93 34 88
58 48 59 07 11 62 46 76 97 45 19 50 08
99 04 66 95 37 36 65 61 86 10 58 97 24
07 75 06 10 03 60 80 99 51 70 75 70 84
28 35 53 70 99 13 38 46 30 61 40 05 26
49 29 89 71 87 56 16 41 71 77 73 18 50
22 79 17 20 16 66 03 27 97 61 02 34 13
82 63 80 42 73 68 61 66 88 77 96 42 48
54 02 01 61 86 63 58 59 73 98 08 69 29
62 84 15 19 15 79 07 58 05 11 00 74 15
18 99 72 99 06 09 99 07 49 95 54 73 84
50 04 72 86 22 45 01 93 57 42 70 85 04
92 05 48 84 36 47 95 89 22 92 69 99 31
04 18 55 33 83 93 56 25 90 80 96 57 40
46 47 98 80 78 02 25 67 82 14 31 71 21
42 27 37 70 24 68 22 72 93 59 61 20 02
03 85 76 41 42 22 07 29 41 87 08 83 82
30 54 70 70 86 94 32 77 92 11 54 32 17
62 08 23 29 81 58 31 87 05 11 29 05 56
42 97 76 22 10 16 52 19 06 99 39 03 34
40 87 89 70 38 45 62 77 12 31 50 23 70
40 38 70 74 18 88 22 47 40 53 73 54 19
17 56 44 75 33 94 67 09 75 59 51 96 91
92 29 16 42 59 52 45 37 09 77 38 80 84
61 28 83 60 10 77 13 32 15 51 29 97 82
21 13 49 29 82 06 99 47 67 62 72 66 34
33 29 85 60
