####################################
#
# -- TEXTPATGEN GENERATED RANDOM DATA --
# -- C++ VERSION --
#
# -- A generated random data file created from:
# -- tpl-dec-knuth-b.cpp
#
# -- Created: 2024-05-21T12:37:10+0000
# -- Epoch Time: 1716295030
#
# Total number: 185
# Number in a line: 12
# Lowest printable number: 0
# Highest printable number: 99999
# Random number seed: 575
#
####################################
26828 96448 49209 14627 93606 92922 46348 95826 62342 76700 03628 44843
28835 44504 17405 62320 96503 32258 12393 26388 17142 17961 79441 78859
76885 78944 60868 82979 02222 90156 88256 14232 76720 29871 06347 91093
03712 60998 85952 46791 99571 52713 84348 49436 29095 60477 56858 04085
51371 93378 36557 13238 29210 97440 40147 14711 50709 58525 89590 06449
06377 97047 53077 94210 84223 33963 32910 24211 10066 98408 50544 55819
78406 16403 96645 99720 19114 80826 01980 46160 30280 79832 48007 72479
76785 30397 60167 22220 74752 92466 93092 54615 20601 72032 69650 31308
99498 20420 35857 13505 24709 44395 83844 82668 02528 05065 80510 00295
00450 63425 85568 97817 34216 11190 19963 69579 05392 87899 58083 97272
52090 77410 61495 47091 31945 08509 89434 74400 97587 06711 42647 62609
50903 01963 59352 62973 94832 83080 34251 06361 06197 57763 81677 06638
81309 47452 88821 17825 23964 91528 94981 82373 61209 44150 61445 13149
52625 99268 23904 16100 88014 49624 94874 25265 31922 71928 27942 88176
16415 52975 62780 39819 05248 43064 33244 98750 67743 26417 72251 99341
78533 50685 89809 25103 73751
