####################################
#
# -- TEXTPATGEN GENERATED RANDOM DATA --
#
# -- A generated random data file created from:
# -- tpl-gendata-file-0005.c
#
# -- Created: 2020-07-07T17:54:00+0000
# -- Epoch Time: 1594144440
#
# Total number: 465
# Number in a line: 14
# Highest printable number: 65535
# Random number seed: 328
#
####################################
11884 31498 29620 64422 61066 09580 19682 35550 15485 15236 62114 08743 20022 65107
10672 30111 35314 35815 15384 25766 04271 11451 25266 42811 10218 51859 45349 64187
61444 33135 24166 07793 64633 21018 39447 27397 63366 26361 62947 13316 41597 26759
22059 28851 26331 65498 58962 61646 03010 41579 21877 07282 20262 14375 50093 30480
33466 29908 29132 29375 30275 20530 04400 29374 08780 43847 24003 06611 37440 54182
52694 13502 15406 41985 09585 08970 09181 35780 37848 12191 11824 26957 19473 32086
41332 36799 29798 42030 33939 26162 05871 64214 46692 10271 60820 22704 21351 19288
62083 58791 40703 49242 39526 56109 58460 49111 32311 02106 19356 37391 47064 63947
64348 33770 63265 07377 05034 27528 49408 38973 53690 22511 37652 02079 32782 32938
24784 21365 19458 21332 14622 60161 37806 54148 17968 30731 04956 17511 00069 57080
54903 47134 22724 20948 15369 20455 61093 53170 15215 12198 26608 36138 34709 31492
38217 34723 31662 30233 56089 18353 18797 05176 12979 56604 26556 63714 54567 64279
15691 21869 23056 37826 03468 45781 26006 51604 00701 21564 39239 48683 33762 33079
19286 35703 31803 24736 04892 30698 22201 28213 49051 40999 00621 29262 32068 59944
27442 53867 58688 10365 10201 16210 15423 13669 61991 41429 32505 29924 62994 38976
13072 63988 39287 65126 01389 05556 24327 39048 36254 46528 01726 52537 21992 02347
16264 21292 62291 43706 09625 22676 21303 19826 38886 36726 00728 02574 12621 00465
65265 42847 39442 12803 08532 45961 45161 09921 51517 03953 48969 55003 17713 50695
42005 06938 20274 58270 60997 49797 03673 05087 06939 24977 57681 13057 28935 25641
15632 41556 26106 15362 18868 32780 60932 27401 13207 40558 04554 31956 11743 53524
21425 62224 05916 30662 03627 58958 56164 31856 43220 27070 04176 17391 19279 61857
30449 48214 21963 46081 24236 15301 28675 10336 48082 56840 04969 61289 31863 42291
27710 10839 30280 16367 07528 03428 14262 43922 29618 04891 10243 07304 64728 14419
24695 18472 43508 22376 01152 32703 35689 58155 15237 64365 35723 63319 55670 07925
26305 54765 50216 54015 00069 14961 37615 07597 51156 51877 18751 15240 24000 61762
55311 23194 43413 47238 41666 21387 04080 10050 21322 39769 02670 36559 05831 38394
34343 61501 46319 60648 17964 31000 16361 18033 13193 53976 58398 31581 07550 44381
14053 31550 40608 03829 54744 18487 18300 63643 07106 55147 08158 28428 29381 10829
32220 35213 16455 33795 63946 30006 61676 16375 28238 12502 01641 41431 33710 27271
40244 08492 06117 54298 40042 46726 25359 62019 65213 43659 27359 39551 33271 35517
02444 29885 13578 01896 32330 62800 35692 63508 27271 31833 14349 55509 11567 48757
64172 45277 10493 38882 53769 49377 27645 61043 30568 20236 24759 63013 63896 52118
37029 64399 22101 06706 28749 02911 08602 61079 00177 44294 59053 27448 43359 40634
50190 54926 56623
