####################################
#
# -- TEXTPATGEN GENERATED RANDOM DATA --
# -- C++ VERSION --
#
# -- A generated random data file created from:
# -- tpl-dec-ranlux48-base.cpp
#
# -- Created: 2024-05-21T12:35:58+0000
# -- Epoch Time: 1716294958
#
# Total number: 151
# Number in a line: 11
# Lowest printable number: 0
# Highest printable number: 99999
# Random number seed: 218
#
####################################
05467 33973 91303 08073 48461 69640 75189 78533 40276 01321 27547
98976 73066 06302 10017 19474 50515 03425 31113 31483 79197 49194
75877 32137 58417 72894 39176 56402 81621 54991 41781 07693 77205
32427 79114 09644 49276 04310 93250 22711 28022 94284 62528 85557
45506 95594 15170 52884 36280 41196 02343 92459 24862 41995 78667
16785 46953 29268 26825 25782 80504 05756 26925 34365 00919 38508
27089 10139 87412 71651 11683 01306 29634 81656 44726 77317 00387
91125 54566 34586 89904 28735 79441 53259 04951 08248 84009 02124
52872 13826 53682 49423 12219 24136 34384 00422 44471 03970 40126
32260 47550 30644 50287 90703 20041 23413 96260 49865 46232 16070
83286 64000 02315 15587 65783 92583 43958 78901 19326 15917 46350
27887 95614 55326 13602 30763 62104 03031 11368 34701 11436 46187
56681 83480 39086 56109 32584 25917 21375 36054 44741 97883 14481
75188 79373 61261 58796 58371 42603 53455 39886
