####################################
#
# -- TEXTPATGEN GENERATED RANDOM DATA --
# -- C++ VERSION --
#
# -- A generated random data file created from:
# -- tpl-dec-minstd-rand.cpp
#
# -- Created: 2024-05-21T12:32:22+0000
# -- Epoch Time: 1716294742
#
# Total number: 145
# Number in a line: 12
# Lowest printable number: 0
# Highest printable number: 99999
# Random number seed: 254
#
####################################
00570 59826 74359 46928 86078 18120 80389 09413 77819 85219 74516 33905
88637 62995 34738 97502 66503 75150 45779 51930 46400 21691 47243 86171
98974 22941 83711 92882 33853 68266 80590 31973 34802 78282 43917 60529
04191 24530 47147 78202 80912 79395 28553 61159 06503 30301 20213 73220
79645 21316 32768 06117 64105 10194 78519 78941 46625 64411 85789 04558
57273 63631 42449 05143 76878 35943 71454 32907 21147 47419 05748 72338
07002 22463 72655 94266 50649 00475 47931 01125 47079 66431 84540 14234
05172 85379 96758 27730 32946 77368 93058 63356 74954 01689 27944 70224
67758 36629 61320 66932 77253 42330 56829 01106 32156 82151 69310 71265
07440 23625 84288 52506 37003 15699 21232 56065 21488 29246 98414 83018
50380 10766 92491 87964 91844 52891 12397 28637 91951 03852 42327 26802
22402 47876 67557 32755 91811 78290 04302 77283 30378 38974 84123 55344
36802
