####################################
#
# -- TEXTPATGEN GENERATED RANDOM DATA --
# -- C++ VERSION --
#
# -- A generated random data file created from:
# -- tpl-gendata-file-0004.cpp
#
# -- Created: 2020-07-07T17:05:33+0000
# -- Epoch Time: 1594141533
#
# Total number: 308
# Number in a line: 17
# Highest printable number: 99
# Random number seed: 73
#
####################################
02 00 15 75 95 74 53 21 57 24 47 05 59 29 09 01 22
36 82 43 70 67 55 27 24 18 34 54 52 73 72 54 73 87
28 69 62 82 89 18 05 37 21 65 67 31 64 87 65 47 29
37 13 84 62 35 03 96 89 54 68 62 09 42 48 38 11 09
21 01 25 24 38 47 89 04 78 52 89 44 97 19 79 11 03
40 46 04 35 34 58 04 96 66 45 43 05 56 52 24 57 76
48 93 24 37 96 01 89 84 45 88 03 24 97 06 64 45 08
01 79 67 03 75 34 48 19 37 03 70 61 60 47 08 53 69
43 50 70 34 33 14 21 36 38 19 42 02 62 51 01 41 17
04 15 49 51 32 86 54 03 46 14 48 52 67 16 96 16 86
31 49 02 50 86 38 69 27 40 31 76 39 70 93 42 85 43
93 18 28 46 20 74 60 66 28 26 83 23 40 70 54 88 70
05 73 10 72 01 48 02 76 86 72 70 29 58 13 21 77 39
67 95 13 27 62 41 51 46 62 92 16 17 79 86 20 53 94
90 52 42 93 29 29 66 98 56 24 10 77 00 49 43 95 62
70 56 02 21 04 64 12 18 79 91 03 97 43 96 89 95 37
81 24 64 46 21 21 70 31 98 68 78 40 64 42 12 20 44
31 22 08 43 40 87 35 41 86 76 38 74 72 75 56 94 40
03 14
