####################################
#
# -- TEXTPATGEN GENERATED RANDOM DATA --
# -- C++ VERSION --
#
# -- A generated random data file created from:
# -- tpl-gendata-file-0004.cpp
#
# -- Created: 2024-05-11T22:44:27+0100
# -- Epoch Time: 1715463867
#
# Total number: 427
# Number in a line: 17
# Highest printable number: 99
# Random number seed: 273
#
####################################
16 81 30 13 15 53 38 09 81 20 56 22 26 56 15 33 90
47 68 70 03 51 17 20 37 46 00 48 45 28 25 60 09 55
73 22 10 12 31 89 33 87 10 57 44 24 90 35 71 57 05
74 07 22 92 44 66 91 90 12 20 17 72 27 72 45 49 80
57 80 69 88 66 79 44 11 04 33 45 73 91 48 46 98 68
40 42 35 30 33 45 48 48 17 76 22 62 24 01 18 04 70
06 70 49 50 80 51 84 26 26 74 72 72 71 41 11 14 76
41 46 20 88 92 37 65 15 97 87 17 17 91 85 23 63 35
71 44 87 56 68 12 31 39 84 04 80 94 16 55 34 60 75
23 54 12 86 67 08 75 82 25 67 69 46 29 03 19 71 90
73 40 03 06 79 86 08 58 81 22 14 16 81 88 38 34 98
25 02 07 01 83 31 67 51 75 96 54 94 69 44 69 08 45
73 86 32 79 45 12 00 58 27 81 45 65 16 42 90 17 49
90 98 78 58 50 55 55 03 48 23 47 16 32 93 89 17 24
67 62 35 68 19 62 50 62 26 65 05 15 80 53 06 79 32
62 28 85 17 31 35 40 77 51 70 69 40 87 91 08 49 27
76 68 87 26 30 14 89 35 28 70 86 34 48 20 95 74 04
13 04 39 51 81 91 21 51 32 09 44 40 56 69 16 24 58
42 54 72 30 87 98 01 75 32 47 93 28 22 97 39 24 38
88 07 28 10 56 60 20 98 98 74 69 13 98 28 53 53 98
83 42 98 82 18 31 28 10 57 48 08 96 73 44 85 80 72
94 35 31 13 35 29 87 05 42 87 31 94 41 30 78 81 27
60 97 58 88 08 14 38 15 11 12 59 95 92 31 90 28 60
04 61 89 89 66 31 77 97 24 18 27 03 00 54 63 98 12
53 07 26 89 20 36 02 80 32 92 10 21 19 70 23 81 59
13 48
