####################################
#
# -- TEXTPATGEN GENERATED RANDOM DATA --
# -- C++ VERSION --
#
# -- A generated random data file created from:
# -- tpl-gendata-file-0008.cpp
#
# -- Created: 2020-07-07T18:04:49+0000
# -- Epoch Time: 1594145089
#
# Total number: 433
# Number in a line: 12
# Lowest printable number: 0
# Highest printable number: 99
# Random number seed: 432
#
####################################
00 82 42 13 15 59 32 26 45 78 67 38
97 93 09 83 93 32 63 87 35 68 43 94
54 63 72 49 71 91 25 26 37 50 98 79
29 76 12 82 72 46 18 44 45 40 86 19
81 52 12 38 71 75 20 93 17 78 77 16
81 95 03 82 22 39 97 19 43 85 30 94
69 76 85 64 50 63 97 72 61 15 85 41
08 96 04 37 76 86 74 33 63 73 36 46
01 53 34 45 11 14 07 03 40 95 63 27
88 34 71 26 58 79 93 76 01 90 75 34
30 62 29 97 61 64 17 64 14 17 17 68
94 34 67 49 88 73 66 28 92 73 25 00
78 58 26 03 91 03 46 19 44 29 91 84
73 34 54 92 06 81 18 80 25 52 24 35
31 25 67 60 81 06 69 82 32 36 32 69
99 39 46 48 51 98 58 65 05 89 58 57
37 18 52 68 99 34 79 26 63 35 44 30
74 98 16 23 68 86 14 67 09 25 52 15
91 22 42 24 76 79 15 16 19 22 43 64
20 98 06 48 98 13 55 40 10 68 39 33
80 96 97 47 74 37 61 35 37 26 25 37
08 20 88 45 83 00 67 33 25 00 84 31
05 97 38 25 01 97 33 33 41 30 01 70
60 62 50 89 79 88 86 75 43 12 94 99
63 41 84 13 78 09 91 90 78 19 67 34
77 27 23 64 38 42 06 71 32 73 43 28
28 01 41 69 79 84 66 61 33 55 24 51
46 33 23 06 81 12 82 93 78 04 58 54
65 80 72 69 21 13 02 75 37 13 02 15
91 90 40 70 59 63 16 97 48 52 01 85
23 45 45 76 93 51 17 07 58 59 81 88
98 54 44 40 78 62 60 73 34 53 74 66
94 83 13 52 45 22 25 56 53 73 62 98
87 01 36 23 65 80 71 42 70 08 48 66
39 99 03 84 05 18 33 88 51 23 66 31
86 41 49 63 88 93 52 15 51 59 26 06
82
