####################################
#
# -- TEXTPATGEN GENERATED RANDOM DATA --
# -- C++ VERSION --
#
# -- A generated random data file created from:
# -- tpl-gendata-file-0009.cpp
#
# -- Created: 2020-07-07T18:05:38+0000
# -- Epoch Time: 1594145138
#
# Total number: 378
# Number in a line: 12
# Lowest printable number: 0
# Highest printable number: 65535
# Random number seed: 2257
#
####################################
01157 57725 26294 11360 29862 12510 11777 12954 11271 39445 36975 21152
32034 01917 43445 34953 51392 24564 24191 56554 17422 03015 20990 65221
52343 18236 37013 58662 59675 38482 38937 18414 23358 08350 22074 54045
56706 14317 50554 37316 37144 40371 02918 21242 31289 03410 39293 51381
33188 64262 64142 15768 43051 30458 56432 52872 04570 00671 05419 45462
52563 46412 17758 03758 55789 59336 45100 51391 06810 29601 06285 00578
24486 31849 41935 16661 51890 02592 48346 23047 25143 62238 53308 55288
41536 57640 43171 16704 50885 33259 21027 24142 15821 30065 09395 24929
04345 18974 55647 35760 45553 05865 15619 31827 61998 14740 01948 39475
16600 04563 16334 58755 45597 25854 18668 31681 39014 11807 06579 24532
23933 48855 50470 03925 43241 04117 54672 31372 18486 45007 61469 45644
20069 52325 51367 06297 60000 64357 18364 30426 57354 23444 14538 24778
20946 38433 05716 63986 03230 37837 20769 12565 29592 55838 35817 17071
64839 57653 01834 35112 24828 20092 44702 48236 02804 05052 39628 35486
31305 05015 06063 59532 02351 05382 25590 37368 09861 61726 37795 41193
57410 55149 51639 51717 50146 53452 55050 28620 34962 62959 41883 61763
05811 15484 61530 18804 15488 05980 37260 22414 01960 57700 64711 07499
20686 64664 63565 05180 29516 30297 42564 26793 10961 02655 60836 13418
14797 42636 03459 06000 50610 58759 47148 09343 12726 35699 62369 25223
25891 55229 19476 50605 45308 10690 28454 64958 29864 44229 39850 38431
36360 30186 14367 39903 10600 26102 00412 44913 00788 06735 22480 64483
29852 38999 25154 52589 25525 01861 18092 52408 02216 25811 25995 31575
23525 61843 43541 63907 62537 37621 01597 39926 58954 40481 14771 04396
25308 12043 32232 54123 51420 35437 62025 10695 54425 07982 64148 39998
31445 14352 39099 65490 50713 28158 15295 25924 13751 36521 58229 52133
27527 25331 07083 42684 25335 11465 23359 31568 34494 03615 08003 30162
11659 05962 03738 42409 55913 60895 24833 34695 35437 51012 59989 14979
29152 61175 22126 25222 20621 27753 13638 39368 02669 37778 06408 21959
23882 41948 33274 06723 14210 17481 62548 30742 50658 20128 52030 62140
49882 13102 12909 44523 61400 60872 35163 28771 27007 65290 41934 64031
38782 48723 58418 13326 41309 38162 48908 31826 57457 55865 26963 41377
12957 55242 53104 38407 36960 32308
