####################################
#
# -- TEXTPATGEN GENERATED RANDOM DATA --
# -- C++ VERSION --
#
# -- A generated random data file created from:
# -- tpl-dec-mt19937-64.cpp
#
# -- Created: 2024-05-21T12:34:21+0000
# -- Epoch Time: 1716294861
#
# Total number: 235
# Number in a line: 8
# Lowest printable number: 0
# Highest printable number: 99999
# Random number seed: 895
#
####################################
87290 12297 19109 84157 13975 09307 53867 24366
55712 86916 13376 05516 11385 02327 75565 67908
28313 79909 19393 23163 87389 64923 60687 85434
24500 82517 45607 46914 90954 37175 12310 86870
82437 52029 98016 66571 50237 21788 27272 37934
41448 61868 99679 24924 13586 36145 53464 09968
69977 67065 55947 09353 73093 03077 24579 28724
08713 35256 77887 05998 12901 59215 34850 74387
61692 90596 95224 34554 82923 86179 74881 34185
71799 83181 74133 27793 59240 42001 10585 76283
71078 89133 56916 52471 77932 40040 33477 21553
89802 62808 13469 24866 25315 90331 91463 87439
82517 24149 32059 90394 42458 57764 74923 60805
88242 10441 67936 21680 22754 07081 22276 37056
98968 15247 93446 97528 27232 54182 27703 69196
09123 69920 00834 33877 59169 56687 88801 81613
59032 40188 49554 90902 26954 67055 61403 79287
83381 47353 75456 87846 35620 47622 36316 76356
43042 75532 11308 33371 31667 69655 45367 77703
77709 07732 69657 56145 01797 99820 73231 16221
71304 33473 27845 39771 40673 32214 79721 04808
19127 69804 22411 52195 54020 84002 66442 36803
05872 52213 37126 81252 34367 21384 12323 90939
86759 06274 81724 52666 08893 69403 12962 92539
47526 41073 58488 72766 98299 33611 50393 92319
46738 72577 36521 45227 76181 70811 24502 42468
71719 52393 61075 05635 04706 10754 68228 02920
84279 73043 21024 13681 42770 88973 09652 13083
50962 62409 72011 65997 72322 92405 74534 02625
96075 12971 05104
