####################################
#
# -- TEXTPATGEN GENERATED RANDOM DATA --
# -- C++ VERSION --
#
# -- A generated random data file created from:
# -- tpl-dec-ranlux24.cpp
#
# -- Created: 2024-05-21T12:35:13+0000
# -- Epoch Time: 1716294913
#
# Total number: 193
# Number in a line: 11
# Lowest printable number: 0
# Highest printable number: 99999
# Random number seed: 75
#
####################################
66271 72683 43522 24111 74828 15480 77430 63827 49104 05813 31551
80802 14055 39001 91049 86928 51732 96619 33339 93758 73850 34922
37508 41161 04742 51689 04945 93780 62212 42408 93336 79182 34364
13888 18857 56974 56415 39031 60451 55057 61164 90955 09896 37826
74916 61332 13560 11966 11434 19483 09148 52141 85314 33531 95592
10752 92108 77034 17267 84064 88241 54271 13536 34764 69132 82593
50797 12050 10270 67609 47938 70970 47805 60624 76732 71958 13512
40786 05965 46350 87091 01024 97588 28777 71173 55061 05560 82437
20445 44784 96838 37004 96768 84691 09614 92462 16051 87392 70391
14494 81993 52165 63188 09493 66044 13796 34679 62139 04566 11917
82218 22001 85270 32824 51294 17718 13165 38406 72129 97626 16961
37294 67294 24392 46583 08495 68573 27043 85024 47723 41473 20956
81451 25588 24950 36192 72489 00011 72258 80948 79173 89415 66900
34062 74112 32355 40134 34313 65017 00557 22512 13969 28656 85722
99414 16101 54899 24061 60982 69956 58627 30228 49329 63526 13038
36965 44337 25706 11704 79856 96425 08653 05536 49970 00707 67447
60060 62668 09472 65219 70444 52971 10331 65518 96145 28755 31779
08505 67555 49332 72663 46565 52378
