####################################
#
# -- TEXTPATGEN GENERATED RANDOM DATA --
# -- C++ VERSION --
#
# -- A generated random data file created from:
# -- tpl-gendata-file-0009.cpp
#
# -- Created: 2020-07-07T18:06:12+0000
# -- Epoch Time: 1594145172
#
# Total number: 419
# Number in a line: 14
# Lowest printable number: 0
# Highest printable number: 65535
# Random number seed: 41
#
####################################
00021 25759 64215 52735 55278 64052 60873 54622 55782 21130 47422 19403 04560 27359
12578 47037 33891 20685 47190 48532 07663 10334 09702 09692 45407 39590 50500 53130
03668 49075 21178 16392 49846 62001 11754 29990 61486 00840 41454 64154 08427 18649
41228 58170 46680 64235 58789 17891 11869 58516 27937 38470 49071 17772 47833 54186
62078 52686 18188 31663 05949 44922 11008 05266 29644 16584 59765 47190 56253 01554
34669 49142 23616 30574 47163 02770 38023 03502 14554 37906 61639 09174 42637 14855
39200 53169 12137 48622 64081 28277 36766 36648 25666 02898 15444 44909 58676 32895
02753 02043 01930 12099 50838 20410 19826 28695 58894 23279 59799 28684 11127 44565
48362 34095 40556 34317 36076 47371 19865 22775 47882 16916 08060 64622 06680 06724
29740 54812 27311 01253 24027 48131 10731 61290 53636 58770 32073 03201 04892 43818
12744 11256 52560 04863 20677 49771 53387 10541 22098 01906 01654 26536 10962 12455
05848 52432 12792 45968 31916 60687 10585 34977 63039 21841 10707 63480 31877 53928
55507 53926 24821 20420 51061 42608 59875 64155 24599 35356 07161 43753 21659 35672
10927 13019 47022 54080 56578 17419 16721 19350 21087 48772 40380 34081 64855 62395
00397 61755 00822 53255 16267 51805 30997 08586 59118 56491 02258 06017 15780 63910
42297 61552 02725 60272 41932 22370 54365 63437 26893 51302 21449 34373 65291 44103
16405 03058 24566 63179 11911 38142 32846 32163 19784 46335 30425 36954 54842 18806
61935 06621 09284 01884 11063 04761 63668 44059 63164 19516 55708 17719 01598 02361
46363 53789 05654 08301 64375 59183 27246 19216 04308 64032 57444 23019 21247 53246
50329 49508 21201 61720 02526 55664 64489 02477 24834 42300 55805 09075 21028 37251
62435 30407 56675 20491 00407 39897 38972 21227 42037 16521 63083 30604 33124 35647
37852 10953 65265 01534 35147 38376 35780 57054 29514 63612 20583 34530 20140 04580
45431 53407 17393 37425 46555 07048 33838 53909 56680 41236 58874 17646 22538 54414
19586 62674 35955 43941 48517 07398 15822 43567 40145 11749 07453 21070 33538 59054
29558 13683 10448 26923 35596 47561 04678 57210 36142 48161 58236 35828 12056 57529
13301 07574 31140 54477 29269 10889 31067 06325 13770 28516 65458 40173 15899 23733
25664 41404 61025 50697 07606 39518 29817 44946 32844 59340 38713 64551 01368 59126
57625 53748 42786 34266 30146 59532 01201 11430 21190 18127 44980 02316 06728 40230
58555 17040 63983 16883 48553 19984 64160 55632 53514 45962 01388 05381 05578 32234
29703 16272 08530 46985 25117 16757 23551 53157 03151 17461 58723 37437 44193
