####################################
#
# -- TEXTPATGEN GENERATED RANDOM DATA --
# -- C++ VERSION --
#
# -- A generated random data file created from:
# -- tpl-dec-mt19937-32.cpp
#
# -- Created: 2024-05-21T12:33:12+0000
# -- Epoch Time: 1716294792
#
# Total number: 198
# Number in a line: 11
# Lowest printable number: 0
# Highest printable number: 99999
# Random number seed: 397
#
####################################
21232 41118 12558 26027 28316 18590 67535 32046 71068 76824 00337
47249 55075 11087 93829 34477 48475 36612 81474 04415 18841 36475
57068 87338 39277 63707 12369 73342 01415 21985 09675 75255 43363
04149 45233 52709 01121 92937 32879 49087 92899 73724 71197 94443
88726 16406 16943 89903 47177 47367 31015 30125 63774 58288 13873
00388 26732 96317 62154 70094 72456 81483 28773 19436 52214 78011
21141 07092 31182 71079 78118 88965 36703 69743 70251 74328 55245
40415 30178 67873 96923 63208 51247 64921 64684 89681 04323 16090
57618 05259 12518 64669 17263 02818 22277 31864 68883 41482 83522
98943 17150 29698 03519 91913 73617 63629 55728 11689 70544 72347
04197 90872 35061 99274 73740 26280 96176 99352 61236 40031 87879
38473 91235 58224 19885 32186 80216 03886 45779 39126 71172 13986
37337 31414 38870 81542 49653 67957 48792 62492 64170 87596 15114
12664 64682 93940 67367 47960 90723 31977 37905 03165 20593 56522
37076 61212 45406 79573 64657 05028 76586 53098 82147 50915 11267
15417 74551 20363 66043 88471 21405 95729 48607 33409 85020 54481
58848 42407 95170 74357 98998 37513 00520 21826 04932 01332 97734
48345 37824 17618 80808 66102 11898 34229 37651 73963 40392 84717
