####################################
#
# -- TEXTPATGEN GENERATED RANDOM DATA --
#
# -- A generated random data file created from:
# -- tpl-gendata-file-0005.c
#
# -- 2017-12-08T19:22:56+0000 --
#
# Total number: 255
# Number in a line: 16
# Highest printable number: 32767
# Random number seed: 100
#
####################################
21379 20343 17423 22508 24180 18550 20047 05546 24488 15321 01231 17315 13350 03015 04313 11515
19374 19430 10501 22965 04741 24853 06827 25279 03906 16963 07549 26168 08396 23450 20303 29776
11024 04959 19515 02437 23509 06794 07982 15228 22115 09213 32543 02696 12227 04087 14212 31601
23518 24713 21797 28257 16797 28624 20768 20703 12818 28315 14104 21215 18998 01638 18222 30023
06595 04968 32458 30104 11762 07673 12563 01110 16885 12339 03807 29112 16427 18017 27944 07176
09963 16974 02664 26758 12830 23432 14694 25648 18980 28797 14094 05210 30435 32316 02464 04264
04516 02155 01599 16278 09827 14161 17387 26712 26500 21192 23055 10158 06442 18230 17332 16403
02437 19997 10394 15267 10660 25088 08147 29641 21116 22241 02084 18783 21789 04546 23045 26305
06701 24644 09814 16528 06036 27201 10471 32537 15626 00757 09926 22066 18987 27259 05702 21425
14487 16096 03923 25147 08416 12070 22019 29532 01543 24101 15546 23332 28647 05824 16870 02580
30467 26682 19108 03736 21117 29578 03504 03974 30335 13431 26041 16556 07921 31743 05212 22406
15071 09135 14786 23485 21204 04037 20248 22747 28138 03028 13310 24017 08852 30178 26597 06552
24093 12938 10289 12443 09749 13793 16416 07316 27222 09690 23872 02376 08666 29084 24782 23735
05450 06800 14453 26652 10835 01935 16630 06206 04963 29940 30223 13813 27351 24053 20366 18678
04223 30655 31119 13970 11679 14768 21286 06135 24458 12391 08509 00356 08706 00523 24089 14157
07321 05776 08042 18156 07709 24673 24362 12670 21846 21817 26483 16429 13101 14082 02338
