####################################
#
# -- TEXTPATGEN GENERATED RANDOM DATA --
# -- C++ VERSION --
#
# -- A generated random data file created from:
# -- tpl-dec-ranlux24-base.cpp
#
# -- 2024-05-21T12:22:00+0000 --
#
# Total number: 131
# Number in a line: 11
# Lowest printable number: 0
# Highest printable number: 99999
# Random number seed: 912
#
####################################
26270 35920 95245 03869 21830 75722 09270 20668 18441 34522 66202
10072 46345 04085 78427 40372 26293 33638 27665 18942 05910 14766
86399 69079 52157 04452 31510 29768 05835 43682 97103 94560 67957
34557 86417 94842 85627 25683 27870 03309 70810 60921 40292 15614
80506 80076 99689 57066 76174 99319 39300 31152 34456 72394 83866
85978 31731 22509 90219 04476 54135 05468 06586 69085 13055 25057
91901 06894 09712 24862 54907 48864 30873 70228 74218 94366 57445
34962 26309 39346 23176 26355 41116 65751 20082 88897 50859 66339
13253 14289 31736 19460 31403 40888 65637 40033 19985 96573 39497
20384 74753 84960 05094 01541 42461 13678 79331 30822 19414 31949
23894 18620 92304 87714 10724 94680 47927 90396 54239 92378 03908
22509 52806 67329 36433 09720 42832 88854 11777 78700 25039
