####################################
#
# -- TEXTPATGEN GENERATED RANDOM DATA --
# -- C++ VERSION --
#
# -- A generated random data file created from:
# -- tpl-gendata-file-0008.cpp
#
# -- 2020-07-05T10:02:35+0000 --
#
# Total number: 266
# Number in a line: 12
# Lowest printable number: 0
# Highest printable number: 99
# Random number seed: 7125
#
####################################
05 20 68 88 96 08 19 91 98 68 45 84
62 32 91 11 93 84 83 25 58 25 45 36
93 36 24 17 99 98 03 66 97 18 58 66
54 42 14 03 15 67 95 66 06 88 39 53
05 43 27 83 14 71 76 36 43 80 10 52
65 72 58 10 82 58 27 47 82 46 53 01
20 94 45 17 48 84 78 70 19 22 05 24
26 49 59 56 13 07 51 54 98 07 68 61
07 76 88 68 29 91 38 58 25 04 14 50
95 67 94 58 40 50 05 53 34 85 30 29
30 44 37 83 49 46 51 36 88 46 80 91
13 59 92 54 65 17 70 72 52 28 54 57
04 46 46 90 40 66 21 80 96 27 65 54
82 18 14 89 87 57 86 15 17 42 79 89
84 48 71 24 73 66 32 04 03 65 96 06
35 63 73 18 97 64 09 06 14 62 74 93
80 12 38 49 49 26 22 96 98 22 41 20
29 37 15 34 96 95 10 53 27 45 50 95
13 06 72 03 97 53 17 50 13 72 21 59
82 01 41 38 63 76 72 20 66 91 59 94
71 04 16 38 75 07 70 43 22 49 23 26
13 26 14 28 77 00 49 49 05 54 66 38
53 69
