####################################
#
# -- TEXTPATGEN GENERATED RANDOM DATA --
#
# -- A generated random data file created from:
# -- tpl-gendata-ide-0009.cpp
#
# Total number: 100
# Number in a line: 10
# Lowest printable number: 0
# Highest printable number: 65535
# Random number seed: 100
#
####################################
00051 10078 36736 56691 18135 58716 46169 58097 60926 30756
22951 61713 06326 29964 22686 63573 07532 50452 22385 44842
49061 44387 58831 02860 40416 45409 12877 25684 39318 07802
02102 14405 16076 48920 39859 53965 17292 42013 06798 34988
46131 16714 17435 21993 09952 17602 10713 30849 17760 42019
42565 50672 50952 32158 60720 42646 42713 50177 60348 03698
30495 29642 41236 59200 43531 26062 40269 04803 50885 24570
04634 27146 46412 25018 63882 29137 06422 00550 09924 01340
51233 35163 38455 55414 54050 62545 40794 35469 61985 56180
20938 41432 06653 21455 07298 39201 13636 09900 61063 35355
