####################################
#
# -- TEXTPATGEN GENERATED RANDOM DATA --
# -- C++ VERSION --
#
# -- A generated random data file created from:
# -- tpl-gendata-file-0005.cpp
#
# -- 2020-07-05T09:56:27+0000 --
#
# Total number: 283
# Number in a line: 13
# Highest printable number: 65535
# Random number seed: 5194
#
####################################
07001 56760 64942 59238 36926 39999 12086 08746 63562 55581 49752 58186 06679
60579 22458 34315 50114 08968 42142 53558 25824 29484 50829 16352 25064 06362
40667 47535 26934 52206 38731 01167 10663 05370 60406 47589 45370 06957 23568
43397 29771 40552 03280 36450 35596 58506 37997 52942 01939 14605 40966 60530
44089 26260 44115 36385 65390 19247 18385 26789 38685 24348 27957 49349 29719
55595 64170 09554 62552 22203 20183 26788 62756 56231 30470 00049 49202 02933
20224 18373 50305 61190 46136 61626 54682 24716 32477 54537 11195 50862 48559
49880 09676 43748 00926 06627 33808 65097 16181 63592 54532 03596 24846 18985
59827 22548 19035 10726 25481 39259 29100 43018 02146 42468 39110 56828 01649
06052 13063 12844 24146 61622 29956 33822 07067 30883 07681 40875 63212 23862
38932 52209 60226 31010 05660 54518 53559 57462 65245 46272 63953 61577 23756
00564 05742 62866 24624 07391 36150 04919 53002 60296 33773 17423 61351 40840
15538 03497 16180 13215 60127 22345 32657 54818 20587 38317 43801 41378 63011
10743 22116 61429 39552 13104 29225 45294 43202 21081 19917 13817 26001 07384
08578 59774 57575 37161 35080 07578 40659 18492 53561 35251 08069 53450 24534
28657 58999 35567 04500 56475 13543 59383 19601 20327 06952 48826 00087 50154
04372 52771 31203 30373 60156 39782 57380 19428 44175 26925 59773 19299 12649
47799 21782 53486 02946 13548 16608 61945 49116 53875 52885 29891 14956 06951
50218 21908 23009 17537 39295 27382 04774 37730 24987 32162 44744 16832 51590
23385 10989 45828 42684 56406 60860 64467 44357 63806 12480 28197 27449 28828
49304 14799 25951 64260 54518 43402 53401 11992 60939 59928 06606 32945 32123
31594 32339 11333 15658 18394 34718 59415 31455 44634 17518
