####################################
#
# -- TEXTPATGEN GENERATED RANDOM DATA --
# -- C++ VERSION --
#
# -- A generated random data file created from:
# -- tpl-gendata-file-0004.cpp
#
# -- 2020-07-05T09:54:02+0000 --
#
# Total number: 279
# Number in a line: 13
# Highest printable number: 99
# Random number seed: 198
#
####################################
57 63 84 77 79 06 00 87 93 15 44 53 17
90 93 48 11 33 24 04 73 51 39 76 54 73
48 86 98 44 77 56 08 60 32 85 67 32 72
61 45 17 15 61 08 07 08 17 40 32 19 12
83 57 87 36 31 36 24 30 80 00 85 86 60
18 72 26 51 45 85 94 61 98 56 69 06 64
85 46 96 03 57 79 60 45 14 92 79 38 21
60 36 07 45 97 24 16 24 73 62 09 68 22
08 26 89 15 90 75 59 86 79 17 64 40 60
78 31 40 18 53 98 54 58 44 50 82 61 73
56 22 82 26 44 90 50 34 04 41 09 62 26
88 77 90 27 39 70 59 77 88 11 77 41 69
20 90 51 81 64 08 02 45 32 46 34 82 79
39 23 88 00 49 75 77 41 01 15 12 60 93
98 71 71 38 40 91 29 91 72 91 97 74 37
31 20 72 14 97 10 37 84 10 87 60 85 27
61 02 37 21 95 36 90 65 72 29 57 01 21
28 92 20 02 31 49 22 02 63 18 10 00 03
20 85 61 04 13 21 06 50 42 00 84 32 65
55 61 22 56 81 50 50 02 52 79 49 72 79
13 90 89 11 91 08 96 53 12 08 75 17 56
16 17 39 46 81 95
