####################################
#
# -- TEXTPATGEN GENERATED RANDOM DATA --
# -- C++ VERSION --
#
# -- A generated random data file created from:
# -- tpl-dec-knuth-b.cpp
#
# -- 2024-05-21T12:22:46+0000 --
#
# Total number: 176
# Number in a line: 11
# Lowest printable number: 0
# Highest printable number: 99999
# Random number seed: 954
#
####################################
69008 41674 49508 75405 95369 36080 86858 00988 84751 88722 67488
93367 98516 77785 76133 07473 76752 60457 56421 07306 77856 95802
78911 73683 61984 03886 69704 12812 38017 80118 00765 48706 64000
90085 05206 98183 83859 27761 47162 80481 70418 44605 10622 83872
85366 59698 23339 77839 02666 88059 45179 30580 48462 74390 58428
04288 86101 27369 67459 33201 30777 03483 04877 74096 26029 90189
47556 95713 17672 34234 04304 52323 00428 36365 66313 43865 07299
80743 52045 02879 63696 25040 25658 25376 24186 31485 73773 79571
51183 06398 27652 65192 87856 60491 96946 48582 49248 31027 77516
12113 13693 13545 22212 13758 79153 04497 25175 13002 28115 96209
15729 67512 46519 42762 55005 96365 46270 83334 17929 44489 76358
98174 33891 35820 23103 84442 01497 55224 46003 96498 53869 74651
68193 79467 29420 08132 28163 33605 92254 61753 99997 50844 18909
16531 41803 53330 75297 77565 27388 76835 32921 25008 01431 30470
00021 00746 93602 93740 53365 69116 81986 98321 13143 62674 44105
31012 47578 10693 21565 84790 03484 65533 48808 78030 69869 82778
